tensor_name:  decoder/fully_connected/biases
[-0.04128258  0.05323022 -0.01090898 -0.01264394  0.00785963 -0.02983396
 -0.01594438  0.04917513 -0.03535461  0.01596733]
num of terms in one array:  1
total num of terms:  10
num of arrays:  10


tensor_name:  decoder/fully_connected/weights
[[-0.17292233  0.13573717  0.34098828 ... -0.17936894 -0.20986618
  -0.02648788]
 [ 0.05774047 -0.23036854 -0.01780308 ...  0.07986335 -0.00850994
   0.12059461]
 [-0.2264019   0.17541502 -0.04606188 ...  0.19928336  0.07882968
   0.20926727]
 ...
 [-0.16391942  0.16128463 -0.32415852 ...  0.19770458 -0.10668509
  -0.02409856]
 [-0.21115258 -0.19680257  0.15159127 ...  0.19214882 -0.12729412
   0.15964396]
 [-0.22467121 -0.18805817 -0.24984455 ... -0.09181111  0.2576685
  -0.01333522]]
num of terms in one array:  10
total num of terms:  2560
num of arrays:  256


tensor_name:  encoder/fully_connected/biases
[-0.00376149 -0.00467137 -0.00294765 ... -0.00209919 -0.00330758
 -0.00326525]
num of terms in one array:  1
total num of terms:  1024
num of arrays:  1024


tensor_name:  encoder/fully_connected/weights
[[-8.12540948e-03 -2.33763941e-02  8.85216426e-03 ... -3.77357826e-02
   5.04584424e-02  2.52620485e-02]
 [-1.36684719e-02 -4.57892828e-02  3.30516472e-02 ... -3.75714377e-02
  -1.36739155e-02  1.03647662e-02]
 [-1.25553347e-02  3.16837500e-03 -1.49794137e-02 ... -2.81881876e-02
  -3.70956473e-02 -2.31145788e-02]
 ...
 [ 1.80033054e-02  3.12184207e-02  3.27708051e-02 ...  2.27221972e-05
   5.62630501e-03  2.57362928e-02]
 [ 8.44729075e-04  3.79717089e-02 -9.51597540e-05 ... -5.39156124e-02
  -4.66466956e-02  2.79078986e-02]
 [-1.92849543e-02 -2.42152773e-02 -4.57532778e-02 ... -6.99634384e-03
  -4.25850414e-02 -2.94768233e-02]]
num of terms in one array:  1024
total num of terms:  802816
num of arrays:  784


tensor_name:  encoder/fully_connected_1/biases
[ 0.00927164  0.00656766 -0.00172619 ...  0.00106273 -0.0036869
 -0.00800314]
num of terms in one array:  1
total num of terms:  1024
num of arrays:  1024


tensor_name:  encoder/fully_connected_1/weights
[[-0.00195477 -0.04510794  0.02295027 ... -0.01102444  0.03834915
  -0.04198148]
 [-0.04205735 -0.04536983 -0.02389352 ...  0.03370877  0.00381347
  -0.01052754]
 [ 0.00635018 -0.03050422  0.03701095 ... -0.02274157  0.02087423
   0.02709401]
 ...
 [-0.05779745  0.01741938  0.01470235 ...  0.00560135  0.01261283
  -0.02068983]
 [ 0.01003643 -0.02118289 -0.02683846 ... -0.06892787 -0.06093236
   0.00395421]
 [ 0.00568171 -0.02353273  0.03893444 ... -0.04478216 -0.01979863
  -0.04255532]]
num of terms in one array:  1024
total num of terms:  1048576
num of arrays:  1024


tensor_name:  encoder/fully_connected_2/biases
[-4.7283219e-03  6.0277609e-03  1.5630623e-03 -4.1559543e-03
  2.1108340e-03 -3.4744162e-04  2.6963486e-03  4.4465312e-03
 -2.8783944e-03 -3.6282085e-03  6.2708464e-03  1.6235482e-03
 -2.4449807e-03  2.6692022e-04 -3.5709506e-03  4.8090592e-03
 -1.1159171e-03 -5.8634887e-03 -1.7924829e-03  3.0545725e-03
  6.6046319e-03 -6.7886855e-03 -2.0497590e-03 -6.4458343e-04
  5.8465027e-03 -4.4839219e-03 -3.0609353e-03 -2.9383991e-03
  3.8348301e-03 -4.6293265e-03 -2.3201441e-03 -1.2770001e-03
  3.9975611e-03 -2.6002370e-03  2.0755497e-03 -2.2473414e-03
 -3.5830858e-04 -4.8140367e-03  4.1727764e-03  2.0206769e-03
  2.9864770e-04  1.2785869e-03 -2.0350732e-03 -2.6071842e-03
 -8.5098715e-04 -3.4185890e-03  2.6417051e-03 -5.5226274e-03
  3.0081309e-03  2.9046594e-03  5.3549954e-03 -5.0751667e-04
  2.4756866e-03 -5.8904774e-03 -1.2108792e-03 -4.3594204e-03
 -1.2416902e-03 -5.0586951e-04  3.8112458e-03 -2.3217907e-03
  4.2783241e-03  3.1663007e-03 -3.9822588e-04 -1.4417571e-03
 -4.2780754e-03  2.4278786e-03  7.6531316e-03 -3.2202548e-03
  9.3520975e-05  5.2342601e-03 -6.2296800e-03  3.5744305e-03
 -4.5984420e-03 -4.4184397e-03  1.0323923e-03  6.8569658e-03
  3.4623917e-03  1.5497933e-03  6.4867879e-03  1.4595460e-03
 -5.3501786e-03  2.0369042e-03  8.0040534e-04  4.8862803e-03
 -3.5224701e-03 -2.4472948e-03 -2.4253966e-03  2.8532424e-03
  2.5937946e-03  7.3018861e-03  4.1582957e-03  4.7968719e-03
 -2.5657492e-03 -7.9541386e-04 -3.8439792e-03 -1.3076982e-03
 -2.4858585e-03 -9.2232035e-04  7.4039092e-03 -3.1081007e-03
 -1.3948218e-03  8.9010019e-03  8.2295164e-03  5.8208941e-03
 -4.7258688e-03 -8.6823048e-04  3.5010633e-04  1.0183433e-02
  1.0041072e-03  6.3971169e-03 -1.2970564e-03 -1.8354715e-03
 -2.0037382e-03 -4.8455386e-03  5.1824772e-03 -5.2614813e-03
 -8.4982468e-03 -3.0176952e-03  1.1571188e-03  6.0054138e-03
 -1.4677732e-03  2.0374192e-03  3.3894132e-03  4.8486749e-03
 -6.9065019e-03  2.0410416e-04  6.9882814e-03  4.2982125e-03
 -5.6497101e-03  1.8533819e-03  2.3315542e-03 -4.8621916e-04
  2.4059641e-03  2.5871191e-03 -1.7846030e-03  2.0432410e-04
 -3.1149450e-03 -2.3347922e-03  2.6186966e-04 -2.7831614e-03
 -2.0535102e-03  2.9819461e-03 -5.0434014e-03 -1.8476533e-03
 -8.2358578e-03 -3.8967461e-03  1.9136287e-03 -2.3161289e-03
 -3.2229121e-03 -3.6308478e-04 -1.7268598e-03  1.6481655e-03
 -8.3633987e-03 -1.1608733e-03  8.6056823e-03 -2.3002345e-03
  2.2767803e-04 -5.4467395e-03 -5.6340913e-03  2.7847826e-03
  3.0560421e-03 -1.3049481e-03  7.8354543e-03 -3.2064149e-03
 -2.7509860e-03 -8.8119535e-03  7.1126269e-03 -7.2316616e-03
  1.2086785e-03 -3.1412533e-03  5.4806434e-03 -2.0523286e-04
 -1.1108394e-03  6.3233757e-03  4.8194570e-03  3.5031515e-03
  5.5918279e-03 -3.9003459e-03 -1.7904282e-03  8.5806678e-04
  5.9579790e-04  4.4278060e-03  7.3187691e-03  8.7501947e-04
  6.4600147e-03 -1.8965682e-03  4.2103454e-03 -2.1846746e-03
  1.0124148e-03  4.5521809e-03 -4.2785285e-03  1.1664132e-03
  2.0642604e-03  2.8181409e-03 -5.4721371e-04  9.0714069e-03
 -4.9234657e-03 -3.9504147e-03  7.2282972e-03  1.8891279e-03
 -9.4757043e-04  6.9759521e-03 -6.4557819e-03  1.0087057e-03
  4.6644444e-03 -4.6918151e-04 -1.9888983e-04  5.6036636e-03
  2.1935995e-03 -2.8148014e-03  3.7780406e-03 -8.3104679e-03
 -5.3963293e-03  1.4760502e-03 -8.8771628e-03 -7.9080847e-04
  2.5966542e-03 -5.5246581e-03  5.2795652e-03  3.2023550e-03
  1.7780665e-03  9.8797614e-03  4.7187465e-03 -4.8795315e-03
 -2.3467117e-03  6.4684208e-03 -1.5142687e-03  2.5019722e-04
 -5.7063662e-03 -4.9694134e-03 -2.5479808e-03 -2.3568815e-03
 -7.6595820e-03  3.0258792e-03 -2.5129148e-03 -2.1852925e-03
  5.5086799e-03  4.8952904e-03 -1.6851902e-03  9.2046440e-04
  3.6843163e-03 -1.1883754e-03 -4.7366745e-03  7.7036442e-03
  1.1590758e-03 -4.7037058e-04 -8.8346805e-03 -4.1944330e-04
 -3.2277724e-03  7.5183893e-03 -4.7652489e-03 -3.4508011e-03
 -2.7717841e-03 -7.3640249e-03 -1.5724710e-03  6.0787559e-03
  3.0591635e-02  3.3549510e-02  3.7143510e-02  3.4723870e-02
  2.9246055e-02  4.0129434e-02  3.2500967e-02  3.3732917e-02
  2.7781911e-02  2.9383559e-02  2.8824463e-02  2.8857350e-02
  2.2598373e-02  3.0226367e-02  2.8302506e-02  3.2415390e-02
  3.1909566e-02  2.6750935e-02  3.0181518e-02  2.9916463e-02
  3.2738823e-02  2.9526843e-02  3.7117612e-02  3.4318820e-02
  2.5479089e-02  3.0113673e-02  3.0013055e-02  2.7284484e-02
  3.2326866e-02  2.6554441e-02  3.8019896e-02  3.9429016e-02
  3.2688752e-02  2.7608689e-02  3.1922717e-02  3.4429930e-02
  3.5736844e-02  3.2684963e-02  3.7872329e-02  2.5723185e-02
  3.0490858e-02  2.9648965e-02  3.0012148e-02  2.3016823e-02
  3.0322630e-02  2.9128488e-02  3.0400889e-02  2.8828550e-02
  2.4516745e-02  2.5584051e-02  2.5800943e-02  3.5077568e-02
  2.9954797e-02  2.6145685e-02  3.6893297e-02  2.5723029e-02
  2.9374123e-02  2.9895291e-02  3.5621393e-02  2.7238399e-02
  2.7431324e-02  2.7480703e-02  2.4878452e-02  2.6047748e-02
  3.3911813e-02  2.7530370e-02  2.3753015e-02  3.0311693e-02
  3.4694590e-02  3.2874186e-02  2.5071111e-02  3.2229513e-02
  2.9503936e-02  3.0006655e-02  2.7601175e-02  2.9447086e-02
  3.0365359e-02  2.5456196e-02  3.2453384e-02  2.4303086e-02
  3.0882491e-02  3.3090737e-02  2.9014925e-02  3.3566870e-02
  3.5718035e-02  3.0245136e-02  2.8696280e-02  2.2283716e-02
  3.3032652e-02  3.2474253e-02  3.2482710e-02  2.8361071e-02
  2.8416451e-02  2.3476020e-02  3.0938905e-02  3.4029517e-02
  3.2018930e-02  2.8666809e-02  2.5154335e-02  2.7672525e-02
  3.2519579e-02  2.7274324e-02  3.7587877e-02  2.5044193e-02
  3.1389002e-02  3.5310149e-02  2.6301544e-02  3.2164842e-02
  3.1474385e-02  2.3230022e-02  2.6661828e-02  2.3634290e-02
  3.1214235e-02  4.1134547e-02  3.1017948e-02  2.9593565e-02
  2.4749739e-02  2.8638747e-02  2.0901056e-02  2.8758535e-02
  2.4024453e-02  3.4474634e-02  3.1458400e-02  2.9183568e-02
  3.1301256e-02  3.6159571e-02  2.6918974e-02  3.3898205e-02
  2.7881483e-02  3.5370287e-02  3.0131055e-02  3.3504032e-02
  2.7627978e-02  2.6454104e-02  3.1629968e-02  2.7309079e-02
  3.4108851e-02  2.7900390e-02  3.3632938e-02  3.0834351e-02
  3.5403319e-02  3.4977086e-02  3.4472097e-02  2.8347285e-02
  2.9925978e-02  2.6523689e-02  3.0467940e-02  3.1210648e-02
  2.5613287e-02  2.9964913e-02  2.0929497e-02  2.5920168e-02
  3.2850038e-02  3.0012129e-02  2.7167305e-02  2.8165359e-02
  2.8920246e-02  2.5490785e-02  2.7060589e-02  2.8787525e-02
  3.3642128e-02  2.9194705e-02  2.7095078e-02  3.3336315e-02
  2.8260063e-02  3.7664559e-02  2.8920149e-02  2.8465824e-02
  2.5905352e-02  3.0257339e-02  3.1576123e-02  2.4669867e-02
  3.3716965e-02  2.3982253e-02  3.4437325e-02  2.3840051e-02
  3.3081304e-02  3.0572180e-02  3.4897450e-02  2.7913392e-02
  2.5841787e-02  3.6048837e-02  2.9777823e-02  3.5817347e-02
  2.8261548e-02  2.8176058e-02  3.0462263e-02  3.0067300e-02
  2.4331082e-02  3.3890091e-02  2.7884804e-02  2.9381996e-02
  3.1027287e-02  3.7755847e-02  2.8385090e-02  2.5765048e-02
  2.9209046e-02  3.0166082e-02  3.3296809e-02  2.3530604e-02
  3.0487554e-02  3.0419307e-02  2.4510579e-02  3.8608477e-02
  2.7952857e-02  3.7613440e-02  2.8423136e-02  3.0141363e-02
  2.9743213e-02  2.8431587e-02  2.7672706e-02  2.8070450e-02
  3.1011470e-02  3.3616856e-02  2.7034927e-02  3.0635634e-02
  2.7393950e-02  2.8965633e-02  2.5923437e-02  2.6840724e-02
  2.5672000e-02  3.1895455e-02  4.2533740e-02  3.3628415e-02
  3.0929184e-02  3.1048907e-02  2.7065856e-02  2.5632057e-02
  3.5829376e-02  3.2340616e-02  2.8266298e-02  2.7999302e-02
  2.4039479e-02  2.6695568e-02  2.9059792e-02  3.3713892e-02
  2.7339004e-02  3.4940928e-02  2.9353175e-02  3.8870227e-02
  2.5167590e-02  2.5402917e-02  3.0771693e-02  3.2099530e-02
  2.6495105e-02  3.1122826e-02  2.6069846e-02  2.8984491e-02
  2.9316960e-02  2.5458252e-02  2.9820988e-02  3.2835208e-02
  2.6749350e-02  3.0256901e-02  2.8790135e-02  3.0798359e-02]
num of terms in one array:  1
total num of terms:  512
num of arrays:  512


tensor_name:  encoder/fully_connected_2/weights
[[-0.00363797 -0.00729385  0.01845928 ... -0.00299834  0.03466598
   0.03831893]
 [ 0.04045458 -0.0360257   0.00564577 ...  0.02748181 -0.00184566
  -0.00769049]
 [-0.02402408  0.08591164  0.04039362 ...  0.05463065 -0.01329101
   0.04185507]
 ...
 [ 0.01493083 -0.01447568  0.037684   ... -0.01011464  0.01003673
   0.04156668]
 [ 0.0199808  -0.03024926 -0.0404311  ... -0.01584335  0.02113537
  -0.00487503]
 [-0.07778049  0.05014622 -0.03064305 ... -0.02207342  0.02287361
   0.01512174]]
num of terms in one array:  512
total num of terms:  524288
num of arrays:  1024