(array([[0.        , 0.        , 0.        , 0.        , 0.        ,
         0.        , 0.        , 0.        , 0.        , 0.        ,
         0.        , 0.        , 0.        , 0.        , 0.        ,
         0.        , 0.        , 0.        , 0.        , 0.        ,
         0.        , 0.        , 0.        , 0.        , 0.        ,
         0.        , 0.        , 0.        , 0.        , 0.        ,
         0.        , 0.        , 0.        , 0.        , 0.        ,
         0.        , 0.        , 0.        , 0.        , 0.        ,
         0.        , 0.        , 0.        , 0.        , 0.        ,
         0.        , 0.        , 0.        , 0.        , 0.        ,
         0.        , 0.        , 0.        , 0.        , 0.        ,
         0.        , 0.        , 0.        , 0.        , 0.        ,
         0.        , 0.        , 0.        , 0.        , 0.        ,
         0.        , 0.        , 0.        , 0.        , 0.        ,
         0.        , 0.        , 0.        , 0.        , 0.        ,
         0.        , 0.        , 0.        , 0.        , 0.        ,
         0.        , 0.        , 0.        , 0.        , 0.        ,
         0.        , 0.        , 0.        , 0.        , 0.        ,
         0.        , 0.        , 0.        , 0.        , 0.        ,
         0.        , 0.        , 0.        , 0.        , 0.        ,
         0.        , 0.        , 0.        , 0.        , 0.        ,
         0.        , 0.        , 0.        , 0.        , 0.        ,
         0.        , 0.        , 0.        , 0.        , 0.        ,
         0.        , 0.        , 0.        , 0.        , 0.        ,
         0.        , 0.        , 0.        , 0.        , 0.        ,
         0.        , 0.        , 0.        , 0.        , 0.        ,
         0.        , 0.        , 0.        , 0.        , 0.        ,
         0.        , 0.        , 0.        , 0.        , 0.        ,
         0.        , 0.        , 0.        , 0.        , 0.        ,
         0.        , 0.        , 0.        , 0.        , 0.        ,
         0.        , 0.        , 0.        , 0.        , 0.        ,
         0.        , 0.        , 0.        , 0.        , 0.        ,
         0.        , 0.        , 0.        , 0.        , 0.        ,
         0.        , 0.        , 0.        , 0.        , 0.        ,
         0.        , 0.        , 0.        , 0.        , 0.        ,
         0.        , 0.        , 0.        , 0.        , 0.        ,
         0.        , 0.        , 0.        , 0.        , 0.        ,
         0.23137257, 0.4039216 , 0.7294118 , 1.        , 0.9921569 ,
         0.22352943, 0.        , 0.        , 0.        , 0.        ,
         0.        , 0.        , 0.        , 0.        , 0.        ,
         0.        , 0.        , 0.        , 0.        , 0.        ,
         0.        , 0.        , 0.        , 0.        , 0.08235294,
         0.18823531, 0.50980395, 0.86666673, 0.9843138 , 0.9960785 ,
         0.9960785 , 0.9960785 , 0.9960785 , 0.35686275, 0.        ,
         0.        , 0.        , 0.        , 0.        , 0.        ,
         0.        , 0.        , 0.        , 0.        , 0.        ,
         0.        , 0.        , 0.35686275, 0.36078432, 0.36078432,
         0.5764706 , 0.73333335, 0.9176471 , 0.9960785 , 0.9960785 ,
         0.9960785 , 0.9960785 , 0.70980394, 0.8745099 , 0.9960785 ,
         0.9960785 , 0.35686275, 0.        , 0.        , 0.        ,
         0.        , 0.        , 0.        , 0.        , 0.        ,
         0.        , 0.        , 0.        , 0.        , 0.21960786,
         0.98823535, 0.9960785 , 0.9960785 , 0.9960785 , 0.9960785 ,
         0.9960785 , 0.9960785 , 0.9960785 , 0.92549026, 0.21568629,
         0.00392157, 0.65882355, 0.9960785 , 0.74509805, 0.00784314,
         0.        , 0.        , 0.        , 0.        , 0.        ,
         0.        , 0.        , 0.        , 0.        , 0.        ,
         0.        , 0.        , 0.05490196, 0.9803922 , 0.9960785 ,
         0.9960785 , 0.93725497, 0.8705883 , 0.52156866, 0.52156866,
         0.21960786, 0.10588236, 0.        , 0.05490196, 0.81568635,
         0.9960785 , 0.42352945, 0.        , 0.        , 0.        ,
         0.        , 0.        , 0.        , 0.        , 0.        ,
         0.        , 0.        , 0.        , 0.        , 0.        ,
         0.        , 0.2784314 , 0.28235295, 0.28235295, 0.11764707,
         0.        , 0.        , 0.        , 0.        , 0.        ,
         0.        , 0.6862745 , 0.9960785 , 0.7568628 , 0.0627451 ,
         0.        , 0.        , 0.        , 0.        , 0.        ,
         0.        , 0.        , 0.        , 0.        , 0.        ,
         0.        , 0.        , 0.        , 0.        , 0.        ,
         0.        , 0.        , 0.        , 0.        , 0.        ,
         0.        , 0.        , 0.        , 0.4666667 , 0.98823535,
         0.9960785 , 0.3921569 , 0.        , 0.        , 0.        ,
         0.        , 0.        , 0.        , 0.        , 0.        ,
         0.        , 0.        , 0.        , 0.        , 0.        ,
         0.        , 0.        , 0.        , 0.        , 0.        ,
         0.        , 0.        , 0.        , 0.        , 0.        ,
         0.16862746, 0.9568628 , 0.9960785 , 0.5882353 , 0.01568628,
         0.        , 0.        , 0.        , 0.        , 0.        ,
         0.        , 0.        , 0.        , 0.        , 0.        ,
         0.        , 0.        , 0.        , 0.        , 0.        ,
         0.        , 0.        , 0.        , 0.        , 0.        ,
         0.        , 0.        , 0.04313726, 0.8980393 , 0.9960785 ,
         0.8470589 , 0.10196079, 0.        , 0.        , 0.        ,
         0.        , 0.        , 0.        , 0.        , 0.        ,
         0.        , 0.        , 0.        , 0.        , 0.        ,
         0.        , 0.        , 0.        , 0.        , 0.        ,
         0.        , 0.        , 0.        , 0.        , 0.03921569,
         0.6627451 , 0.9960785 , 0.9607844 , 0.18823531, 0.        ,
         0.        , 0.        , 0.        , 0.        , 0.        ,
         0.        , 0.        , 0.        , 0.        , 0.        ,
         0.        , 0.        , 0.        , 0.        , 0.        ,
         0.        , 0.        , 0.        , 0.        , 0.        ,
         0.        , 0.01960784, 0.3803922 , 0.9960785 , 0.9960785 ,
         0.49803925, 0.        , 0.        , 0.        , 0.        ,
         0.        , 0.        , 0.        , 0.        , 0.        ,
         0.        , 0.        , 0.        , 0.        , 0.        ,
         0.        , 0.        , 0.        , 0.        , 0.        ,
         0.        , 0.        , 0.        , 0.        , 0.43529415,
         0.9960785 , 0.9960785 , 0.6745098 , 0.02352941, 0.        ,
         0.        , 0.        , 0.        , 0.        , 0.        ,
         0.        , 0.        , 0.        , 0.        , 0.        ,
         0.        , 0.        , 0.        , 0.        , 0.        ,
         0.        , 0.        , 0.        , 0.        , 0.        ,
         0.        , 0.2784314 , 0.9725491 , 0.9960785 , 0.87843144,
         0.02352941, 0.        , 0.        , 0.        , 0.        ,
         0.        , 0.        , 0.        , 0.        , 0.        ,
         0.        , 0.        , 0.        , 0.        , 0.        ,
         0.        , 0.        , 0.        , 0.        , 0.        ,
         0.        , 0.        , 0.        , 0.10196079, 0.8196079 ,
         0.9960785 , 0.91372555, 0.18823531, 0.        , 0.        ,
         0.        , 0.        , 0.        , 0.        , 0.        ,
         0.        , 0.        , 0.        , 0.        , 0.        ,
         0.        , 0.        , 0.        , 0.        , 0.        ,
         0.        , 0.        , 0.        , 0.        , 0.        ,
         0.        , 0.8313726 , 0.9960785 , 0.9960785 , 0.45098042,
         0.        , 0.        , 0.        , 0.        , 0.        ,
         0.        , 0.        , 0.        , 0.        , 0.        ,
         0.        , 0.        , 0.        , 0.        , 0.        ,
         0.        , 0.        , 0.        , 0.        , 0.        ,
         0.        , 0.        , 0.        , 0.5058824 , 0.9921569 ,
         0.9960785 , 0.7019608 , 0.00784314, 0.        , 0.        ,
         0.        , 0.        , 0.        , 0.        , 0.        ,
         0.        , 0.        , 0.        , 0.        , 0.        ,
         0.        , 0.        , 0.        , 0.        , 0.        ,
         0.        , 0.        , 0.        , 0.        , 0.        ,
         0.65882355, 0.9333334 , 0.9960785 , 0.9960785 , 0.6784314 ,
         0.01568628, 0.        , 0.        , 0.        , 0.        ,
         0.        , 0.        , 0.        , 0.        , 0.        ,
         0.        , 0.        , 0.        , 0.        , 0.        ,
         0.        , 0.        , 0.        , 0.        , 0.        ,
         0.        , 0.        , 0.        , 0.8470589 , 0.9960785 ,
         0.9960785 , 0.9960785 , 0.9960785 , 0.6039216 , 0.        ,
         0.        , 0.        , 0.        , 0.        , 0.        ,
         0.        , 0.        , 0.        , 0.        , 0.        ,
         0.        , 0.        , 0.        , 0.        , 0.        ,
         0.        , 0.        , 0.        , 0.        , 0.        ,
         0.        , 0.8470589 , 0.9960785 , 0.9960785 , 0.9333334 ,
         0.4784314 , 0.00784314, 0.        , 0.        , 0.        ,
         0.        , 0.        , 0.        , 0.        , 0.        ,
         0.        , 0.        , 0.        , 0.        , 0.        ,
         0.        , 0.        , 0.        , 0.        , 0.        ,
         0.        , 0.        , 0.        , 0.        , 0.7058824 ,
         0.9960785 , 0.7725491 , 0.19607845, 0.        , 0.        ,
         0.        , 0.        , 0.        , 0.        , 0.        ,
         0.        , 0.        , 0.        , 0.        , 0.        ,
         0.        , 0.        , 0.        , 0.        , 0.        ,
         0.        , 0.        , 0.        , 0.        , 0.        ,
         0.        , 0.        , 0.        , 0.        , 0.        ,
         0.        , 0.        , 0.        , 0.        , 0.        ,
         0.        , 0.        , 0.        , 0.        , 0.        ,
         0.        , 0.        , 0.        , 0.        , 0.        ,
         0.        , 0.        , 0.        , 0.        , 0.        ,
         0.        , 0.        , 0.        , 0.        , 0.        ,
         0.        , 0.        , 0.        , 0.        , 0.        ,
         0.        , 0.        , 0.        , 0.        , 0.        ,
         0.        , 0.        , 0.        , 0.        , 0.        ,
         0.        , 0.        , 0.        , 0.        ]], dtype=float32),
 array([7], dtype=uint8))






 

mnist8x8.train.next_batch(1)
(array([[0.    , 0.    , 0.3125, 0.8125, 0.5625, 0.0625, 0.    , 0.    ,
         0.    , 0.    , 0.8125, 0.9375, 0.625 , 0.9375, 0.3125, 0.    ,
         0.    , 0.1875, 0.9375, 0.125 , 0.    , 0.6875, 0.5   , 0.    ,
         0.    , 0.25  , 0.75  , 0.    , 0.    , 0.5   , 0.5   , 0.    ,
         0.    , 0.3125, 0.5   , 0.    , 0.    , 0.5625, 0.5   , 0.    ,
         0.    , 0.25  , 0.6875, 0.    , 0.0625, 0.75  , 0.4375, 0.    ,
         0.    , 0.125 , 0.875 , 0.3125, 0.625 , 0.75  , 0.    , 0.    ,
         0.    , 0.    , 0.375 , 0.8125, 0.625 , 0.    , 0.    , 0.    ]]),
 array([0]))